Generation 0

Initial

[[ 0.00000000e+00 -1.45799022e-12 -2.28980078e-13  4.62010753e-11
  -1.75214813e-10 -1.83669770e-15  8.52944060e-16  2.29423303e-05
  -2.04721003e-06 -1.59792834e-08  9.98214034e-10]
 [ 0.00000000e+00 -1.45799022e-12 -2.28980078e-13  4.62010753e-11
  -1.75214813e-10 -1.83669770e-15  8.52944060e-16  2.29423303e-05
  -2.04721003e-06 -1.59792834e-08  9.98214034e-10]
 [ 0.00000000e+00 -1.45799022e-12 -2.28980078e-13  4.62010753e-11
  -1.75214813e-10 -1.83669770e-15  8.52944060e-16  2.29423303e-05
  -2.04721003e-06 -1.59792834e-08  9.98214034e-10]
 [ 0.00000000e+00 -1.45799022e-12 -2.28980078e-13  4.62010753e-11
  -1.75214813e-10 -1.83669770e-15  8.52944060e-16  2.29423303e-05
  -2.04721003e-06 -1.59792834e-08  9.98214034e-10]
 [ 0.00000000e+00 -1.45799022e-12 -2.28980078e-13  4.62010753e-11
  -1.75214813e-10 -1.83669770e-15  8.52944060e-16  2.29423303e-05
  -2.04721003e-06 -1.59792834e-08  9.98214034e-10]
 [ 0.00000000e+00 -1.45799022e-12 -2.28980078e-13  4.62010753e-11
  -1.75214813e-10 -1.83669770e-15  8.52944060e-16  2.29423303e-05
  -2.04721003e-06 -1.59792834e-08  9.98214034e-10]
 [ 0.00000000e+00 -1.45799022e-12 -2.28980078e-13  4.62010753e-11
  -1.75214813e-10 -1.83669770e-15  8.52944060e-16  2.29423303e-05
  -2.04721003e-06 -1.59792834e-08  9.98214034e-10]
 [ 0.00000000e+00 -1.45799022e-12 -2.28980078e-13  4.62010753e-11
  -1.75214813e-10 -1.83669770e-15  8.52944060e-16  2.29423303e-05
  -2.04721003e-06 -1.59792834e-08  9.98214034e-10]
 [ 0.00000000e+00 -1.45799022e-12 -2.28980078e-13  4.62010753e-11
  -1.75214813e-10 -1.83669770e-15  8.52944060e-16  2.29423303e-05
  -2.04721003e-06 -1.59792834e-08  9.98214034e-10]
 [ 0.00000000e+00 -1.45799022e-12 -2.28980078e-13  4.62010753e-11
  -1.75214813e-10 -1.83669770e-15  8.52944060e-16  2.29423303e-05
  -2.04721003e-06 -1.59792834e-08  9.98214034e-10]
 [ 0.00000000e+00 -1.45799022e-12 -2.28980078e-13  4.62010753e-11
  -1.75214813e-10 -1.83669770e-15  8.52944060e-16  2.29423303e-05
  -2.04721003e-06 -1.59792834e-08  9.98214034e-10]
 [ 0.00000000e+00 -1.45799022e-12 -2.28980078e-13  4.62010753e-11
  -1.75214813e-10 -1.83669770e-15  8.52944060e-16  2.29423303e-05
  -2.04721003e-06 -1.59792834e-08  9.98214034e-10]
 [ 0.00000000e+00 -1.45799022e-12 -2.28980078e-13  4.62010753e-11
  -1.75214813e-10 -1.83669770e-15  8.52944060e-16  2.29423303e-05
  -2.04721003e-06 -1.59792834e-08  9.98214034e-10]
 [ 0.00000000e+00 -1.45799022e-12 -2.28980078e-13  4.62010753e-11
  -1.75214813e-10 -1.83669770e-15  8.52944060e-16  2.29423303e-05
  -2.04721003e-06 -1.59792834e-08  9.98214034e-10]
 [ 0.00000000e+00 -1.45799022e-12 -2.28980078e-13  4.62010753e-11
  -1.75214813e-10 -1.83669770e-15  8.52944060e-16  2.29423303e-05
  -2.04721003e-06 -1.59792834e-08  9.98214034e-10]]

After crossing

[[ 0.00000000e+00 -1.45799022e-12 -2.28980078e-13  4.62010753e-11
  -1.75214813e-10 -1.83669770e-15  8.52944060e-16  2.29423303e-05
  -2.04721003e-06 -1.59792834e-08  9.98214034e-10]
 [ 0.00000000e+00 -1.45799022e-12 -2.28980078e-13  4.62010753e-11
  -1.75214813e-10 -1.83669770e-15  8.52944060e-16  2.29423303e-05
  -2.04721003e-06 -1.59792834e-08  9.98214034e-10]
 [ 0.00000000e+00 -1.45799022e-12 -2.28980078e-13  4.62010753e-11
  -1.75214813e-10 -1.83669770e-15  8.52944060e-16  2.29423303e-05
  -2.04721003e-06 -1.59792834e-08  9.98214034e-10]
 [ 0.00000000e+00 -1.45799022e-12 -2.28980078e-13  4.62010753e-11
  -1.75214813e-10 -1.83669770e-15  8.52944060e-16  2.29423303e-05
  -2.04721003e-06 -1.59792834e-08  9.98214034e-10]
 [ 0.00000000e+00 -1.45799022e-12 -2.28980078e-13  4.62010753e-11
  -1.75214813e-10 -1.83669770e-15  8.52944060e-16  2.29423303e-05
  -2.04721003e-06 -1.59792834e-08  9.98214034e-10]
 [ 0.00000000e+00 -1.45799022e-12 -2.28980078e-13  4.62010753e-11
  -1.75214813e-10 -1.83669770e-15  8.52944060e-16  2.29423303e-05
  -2.04721003e-06 -1.59792834e-08  9.98214034e-10]
 [ 0.00000000e+00 -1.45799022e-12 -2.28980078e-13  4.62010753e-11
  -1.75214813e-10 -1.83669770e-15  8.52944060e-16  2.29423303e-05
  -2.04721003e-06 -1.59792834e-08  9.98214034e-10]
 [ 0.00000000e+00 -1.45799022e-12 -2.28980078e-13  4.62010753e-11
  -1.75214813e-10 -1.83669770e-15  8.52944060e-16  2.29423303e-05
  -2.04721003e-06 -1.59792834e-08  9.98214034e-10]
 [ 0.00000000e+00 -1.45799022e-12 -2.28980078e-13  4.62010753e-11
  -1.75214813e-10 -1.83669770e-15  8.52944060e-16  2.29423303e-05
  -2.04721003e-06 -1.59792834e-08  9.98214034e-10]
 [ 0.00000000e+00 -1.45799022e-12 -2.28980078e-13  4.62010753e-11
  -1.75214813e-10 -1.83669770e-15  8.52944060e-16  2.29423303e-05
  -2.04721003e-06 -1.59792834e-08  9.98214034e-10]
 [ 0.00000000e+00 -1.45799022e-12 -2.28980078e-13  4.62010753e-11
  -1.75214813e-10 -1.83669770e-15  8.52944060e-16  2.29423303e-05
  -2.04721003e-06 -1.59792834e-08  9.98214034e-10]
 [ 0.00000000e+00 -1.45799022e-12 -2.28980078e-13  4.62010753e-11
  -1.75214813e-10 -1.83669770e-15  8.52944060e-16  2.29423303e-05
  -2.04721003e-06 -1.59792834e-08  9.98214034e-10]
 [ 0.00000000e+00 -1.45799022e-12 -2.28980078e-13  4.62010753e-11
  -1.75214813e-10 -1.83669770e-15  8.52944060e-16  2.29423303e-05
  -2.04721003e-06 -1.59792834e-08  9.98214034e-10]
 [ 0.00000000e+00 -1.45799022e-12 -2.28980078e-13  4.62010753e-11
  -1.75214813e-10 -1.83669770e-15  8.52944060e-16  2.29423303e-05
  -2.04721003e-06 -1.59792834e-08  9.98214034e-10]
 [ 0.00000000e+00 -1.45799022e-12 -2.28980078e-13  4.62010753e-11
  -1.75214813e-10 -1.83669770e-15  8.52944060e-16  2.29423303e-05
  -2.04721003e-06 -1.59792834e-08  9.98214034e-10]]

After mutation

[[ 0.00000000e+00 -1.45799022e-12 -2.28980078e-13  4.62010753e-11
  -1.75214813e-10 -1.83669770e-15  8.52944060e-16  2.29423303e-05
  -2.04721003e-06 -1.59792834e-08  9.98214034e-10]
 [ 0.00000000e+00 -1.53088973e-12 -2.28980078e-13  4.62010753e-11
  -1.83975554e-10 -1.83669770e-15  8.52944060e-16  2.29423303e-05
  -2.14957053e-06 -1.59792834e-08  9.98214034e-10]
 [ 0.00000000e+00 -1.45799022e-12 -2.28980078e-13  4.62010753e-11
  -1.75214813e-10 -1.74486282e-15  8.10296857e-16  2.17952138e-05
  -1.94484953e-06 -1.67782476e-08  9.98214034e-10]
 [ 0.00000000e+00 -1.45799022e-12 -2.17531074e-13  4.62010753e-11
  -1.75214813e-10 -1.74486282e-15  8.95591263e-16  2.29423303e-05
  -2.04721003e-06 -1.59792834e-08  9.48303332e-10]
 [ 0.00000000e+00 -1.45799022e-12 -2.17531074e-13  4.38910215e-11
  -1.83975554e-10 -1.83669770e-15  8.52944060e-16  2.17952138e-05
  -2.14957053e-06 -1.59792834e-08  9.98214034e-10]
 [ 0.00000000e+00 -1.45799022e-12 -2.28980078e-13  4.62010753e-11
  -1.66454072e-10 -1.74486282e-15  8.10296857e-16  2.29423303e-05
  -2.04721003e-06 -1.67782476e-08  9.48303332e-10]
 [ 0.00000000e+00 -1.38509071e-12 -2.40429082e-13  4.38910215e-11
  -1.75214813e-10 -1.83669770e-15  8.52944060e-16  2.29423303e-05
  -2.04721003e-06 -1.67782476e-08  1.04812474e-09]
 [ 0.00000000e+00 -1.45799022e-12 -2.28980078e-13  4.62010753e-11
  -1.75214813e-10 -1.74486282e-15  8.52944060e-16  2.29423303e-05
  -2.14957053e-06 -1.59792834e-08  9.48303332e-10]
 [ 0.00000000e+00 -1.45799022e-12 -2.40429082e-13  4.62010753e-11
  -1.75214813e-10 -1.83669770e-15  8.95591263e-16  2.40894468e-05
  -2.04721003e-06 -1.59792834e-08  9.98214034e-10]
 [ 0.00000000e+00 -1.45799022e-12 -2.40429082e-13  4.38910215e-11
  -1.75214813e-10 -1.83669770e-15  8.52944060e-16  2.17952138e-05
  -2.04721003e-06 -1.67782476e-08  1.04812474e-09]
 [ 0.00000000e+00 -1.38509071e-12 -2.28980078e-13  4.62010753e-11
  -1.75214813e-10 -1.83669770e-15  8.52944060e-16  2.17952138e-05
  -2.04721003e-06 -1.59792834e-08  9.48303332e-10]
 [ 0.00000000e+00 -1.45799022e-12 -2.28980078e-13  4.62010753e-11
  -1.75214813e-10 -1.83669770e-15  8.95591263e-16  2.29423303e-05
  -2.04721003e-06 -1.59792834e-08  9.48303332e-10]
 [ 0.00000000e+00 -1.45799022e-12 -2.28980078e-13  4.62010753e-11
  -1.83975554e-10 -1.83669770e-15  8.52944060e-16  2.29423303e-05
  -2.04721003e-06 -1.51803192e-08  9.48303332e-10]
 [ 0.00000000e+00 -1.53088973e-12 -2.28980078e-13  4.62010753e-11
  -1.75214813e-10 -1.92853259e-15  8.10296857e-16  2.17952138e-05
  -1.94484953e-06 -1.59792834e-08  9.98214034e-10]
 [ 0.00000000e+00 -1.53088973e-12 -2.28980078e-13  4.62010753e-11
  -1.75214813e-10 -1.83669770e-15  8.52944060e-16  2.29423303e-05
  -2.14957053e-06 -1.59792834e-08  9.98214034e-10]]

-----------------------------------------------------------------------------------------------------------------------------------

Generation 1

Initial

[[ 0.00000000e+00 -1.45799022e-12 -2.28980078e-13  4.62010753e-11
  -1.75214813e-10 -1.83669770e-15  8.52944060e-16  2.29423303e-05
  -2.04721003e-06 -1.59792834e-08  9.98214034e-10]
 [ 0.00000000e+00 -1.45799022e-12 -2.40429082e-13  4.62010753e-11
  -1.75214813e-10 -1.83669770e-15  8.95591263e-16  2.40894468e-05
  -2.04721003e-06 -1.59792834e-08  9.98214034e-10]
 [ 0.00000000e+00 -1.45799022e-12 -2.28980078e-13  4.62010753e-11
  -1.83975554e-10 -1.83669770e-15  8.52944060e-16  2.29423303e-05
  -2.04721003e-06 -1.51803192e-08  9.48303332e-10]
 [ 0.00000000e+00 -1.45799022e-12 -2.28980078e-13  4.62010753e-11
  -1.75214813e-10 -1.74486282e-15  8.10296857e-16  2.17952138e-05
  -1.94484953e-06 -1.67782476e-08  9.98214034e-10]
 [ 0.00000000e+00 -1.53088973e-12 -2.28980078e-13  4.62010753e-11
  -1.75214813e-10 -1.83669770e-15  8.52944060e-16  2.29423303e-05
  -2.14957053e-06 -1.59792834e-08  9.98214034e-10]
 [ 0.00000000e+00 -1.53088973e-12 -2.28980078e-13  4.62010753e-11
  -1.83975554e-10 -1.83669770e-15  8.52944060e-16  2.29423303e-05
  -2.14957053e-06 -1.59792834e-08  9.98214034e-10]
 [ 0.00000000e+00 -1.45799022e-12 -2.40429082e-13  4.38910215e-11
  -1.75214813e-10 -1.83669770e-15  8.52944060e-16  2.17952138e-05
  -2.04721003e-06 -1.67782476e-08  1.04812474e-09]
 [ 0.00000000e+00 -1.45799022e-12 -2.17531074e-13  4.62010753e-11
  -1.75214813e-10 -1.74486282e-15  8.95591263e-16  2.29423303e-05
  -2.04721003e-06 -1.59792834e-08  9.48303332e-10]
 [ 0.00000000e+00 -1.45799022e-12 -2.28980078e-13  4.62010753e-11
  -1.75214813e-10 -1.83669770e-15  8.95591263e-16  2.29423303e-05
  -2.04721003e-06 -1.59792834e-08  9.48303332e-10]
 [ 0.00000000e+00 -1.53088973e-12 -2.28980078e-13  4.62010753e-11
  -1.75214813e-10 -1.92853259e-15  8.10296857e-16  2.17952138e-05
  -1.94484953e-06 -1.59792834e-08  9.98214034e-10]
 [ 0.00000000e+00 -1.38509071e-12 -2.40429082e-13  4.38910215e-11
  -1.75214813e-10 -1.83669770e-15  8.52944060e-16  2.29423303e-05
  -2.04721003e-06 -1.67782476e-08  1.04812474e-09]
 [ 0.00000000e+00 -1.45799022e-12 -2.17531074e-13  4.38910215e-11
  -1.83975554e-10 -1.83669770e-15  8.52944060e-16  2.17952138e-05
  -2.14957053e-06 -1.59792834e-08  9.98214034e-10]
 [ 0.00000000e+00 -1.38509071e-12 -2.28980078e-13  4.62010753e-11
  -1.75214813e-10 -1.83669770e-15  8.52944060e-16  2.17952138e-05
  -2.04721003e-06 -1.59792834e-08  9.48303332e-10]
 [ 0.00000000e+00 -1.45799022e-12 -2.28980078e-13  4.62010753e-11
  -1.66454072e-10 -1.74486282e-15  8.10296857e-16  2.29423303e-05
  -2.04721003e-06 -1.67782476e-08  9.48303332e-10]
 [ 0.00000000e+00 -1.45799022e-12 -2.28980078e-13  4.62010753e-11
  -1.75214813e-10 -1.74486282e-15  8.52944060e-16  2.29423303e-05
  -2.14957053e-06 -1.59792834e-08  9.48303332e-10]]

After crossing

[[ 0.00000000e+00 -1.45799022e-12 -2.28980078e-13  4.62010753e-11
  -1.75214813e-10 -1.83669770e-15  8.52944060e-16  2.29423303e-05
  -2.04721003e-06 -1.59792834e-08  9.98214034e-10]
 [ 0.00000000e+00 -1.45799022e-12 -2.28980078e-13  4.62010753e-11
  -1.75144804e-10 -1.74412894e-15  8.09956052e-16  2.17860469e-05
  -1.94403154e-06 -1.67910170e-08  9.98612883e-10]
 [ 0.00000000e+00 -1.53088973e-12 -2.28980078e-13  4.62010753e-11
  -1.74889534e-10 -1.83669770e-15  8.52944060e-16  2.29423303e-05
  -2.14957053e-06 -1.59792834e-08  9.98214034e-10]
 [ 0.00000000e+00 -1.45799022e-12 -2.42315808e-13  4.35103387e-11
  -1.75214813e-10 -1.85183153e-15  8.59972059e-16  2.17952138e-05
  -2.06407842e-06 -1.67782476e-08  1.05634972e-09]
 [ 0.00000000e+00 -1.45799022e-12 -2.40654926e-13  4.62010753e-11
  -1.75041998e-10 -1.83669770e-15  8.96432526e-16  2.41120750e-05
  -2.04721003e-06 -1.59950439e-08  9.99198578e-10]
 [ 0.00000000e+00 -1.45799022e-12 -2.40715178e-13  4.62010753e-11
  -1.75214813e-10 -1.83899254e-15  8.97722665e-16  2.41467769e-05
  -2.04976789e-06 -1.59593183e-08  9.98214034e-10]
 [ 0.00000000e+00 -1.45799022e-12 -2.40883254e-13  4.62010753e-11
  -1.75214813e-10 -1.84034071e-15  8.98974819e-16  2.41804571e-05
  -2.05127058e-06 -1.59475892e-08  9.98214034e-10]
 [ 0.00000000e+00 -1.43352429e-12 -2.28980078e-13  4.62010753e-11
  -1.75214813e-10 -1.71404196e-15  7.95983958e-16  2.14102281e-05
  -1.87614277e-06 -1.70463893e-08  9.98214034e-10]
 [ 0.00000000e+00 -1.45799022e-12 -2.28980078e-13  4.62010753e-11
  -1.84045563e-10 -1.83743158e-15  8.53284865e-16  2.29514972e-05
  -2.04802802e-06 -1.51675498e-08  9.47904483e-10]
 [ 0.00000000e+00 -1.53088973e-12 -2.28980078e-13  4.62010753e-11
  -1.84300833e-10 -1.83669770e-15  8.52944060e-16  2.29423303e-05
  -2.14957053e-06 -1.59792834e-08  9.98214034e-10]
 [ 0.00000000e+00 -1.45799022e-12 -2.27093352e-13  4.65817581e-11
  -1.75214813e-10 -1.72972899e-15  8.03268858e-16  2.17952138e-05
  -1.92798114e-06 -1.67782476e-08  9.89989054e-10]
 [ 0.00000000e+00 -1.45799022e-12 -2.28754234e-13  4.62010753e-11
  -1.84148369e-10 -1.83669770e-15  8.52102797e-16  2.29197022e-05
  -2.04721003e-06 -1.51645588e-08  9.47318788e-10]
 [ 0.00000000e+00 -1.45799022e-12 -2.28693982e-13  4.62010753e-11
  -1.75214813e-10 -1.74256797e-15  8.08165455e-16  2.17378837e-05
  -1.94229167e-06 -1.67982127e-08  9.98214034e-10]
 [ 0.00000000e+00 -1.45799022e-12 -2.28525906e-13  4.62010753e-11
  -1.75214813e-10 -1.74121980e-15  8.06913301e-16  2.17042035e-05
  -1.94078897e-06 -1.68099418e-08  9.98214034e-10]
 [ 0.00000000e+00 -1.55535566e-12 -2.28980078e-13  4.62010753e-11
  -1.75214813e-10 -1.86751856e-15  8.67256959e-16  2.33273160e-05
  -2.21827729e-06 -1.57111417e-08  9.98214034e-10]]

After mutation

[[ 0.00000000e+00 -1.45799022e-12 -2.28980078e-13  4.62010753e-11
  -1.75214813e-10 -1.83669770e-15  8.52944060e-16  2.29423303e-05
  -2.04721003e-06 -1.59792834e-08  9.98214034e-10]
 [ 0.00000000e+00 -1.45799022e-12 -2.28980078e-13  4.62010753e-11
  -1.75144804e-10 -1.74412894e-15  8.09956052e-16  2.28753492e-05
  -1.94403154e-06 -1.67910170e-08  9.98612883e-10]
 [ 0.00000000e+00 -1.53088973e-12 -2.28980078e-13  4.85111291e-11
  -1.83634011e-10 -1.92853259e-15  8.52944060e-16  2.29423303e-05
  -2.14957053e-06 -1.51803192e-08  9.48303332e-10]
 [ 0.00000000e+00 -1.53088973e-12 -2.42315808e-13  4.35103387e-11
  -1.75214813e-10 -1.85183153e-15  8.59972059e-16  2.17952138e-05
  -2.06407842e-06 -1.76171599e-08  1.00353223e-09]
 [ 0.00000000e+00 -1.45799022e-12 -2.40654926e-13  4.62010753e-11
  -1.75041998e-10 -1.83669770e-15  8.51610900e-16  2.41120750e-05
  -2.04721003e-06 -1.59950439e-08  9.99198578e-10]
 [ 0.00000000e+00 -1.45799022e-12 -2.28679419e-13  4.38910215e-11
  -1.83975554e-10 -1.83899254e-15  9.42608798e-16  2.41467769e-05
  -2.04976789e-06 -1.51613524e-08  9.48303332e-10]
 [ 0.00000000e+00 -1.45799022e-12 -2.52927417e-13  4.85111291e-11
  -1.75214813e-10 -1.74832368e-15  8.98974819e-16  2.41804571e-05
  -2.05127058e-06 -1.59475892e-08  1.04812474e-09]
 [ 0.00000000e+00 -1.43352429e-12 -2.28980078e-13  4.62010753e-11
  -1.66454072e-10 -1.71404196e-15  7.95983958e-16  2.14102281e-05
  -1.96994991e-06 -1.70463893e-08  9.98214034e-10]
 [ 0.00000000e+00 -1.45799022e-12 -2.17531074e-13  4.62010753e-11
  -1.84045563e-10 -1.74556000e-15  8.10620622e-16  2.40990721e-05
  -2.04802802e-06 -1.51675498e-08  9.95299707e-10]
 [ 0.00000000e+00 -1.53088973e-12 -2.17531074e-13  4.62010753e-11
  -1.75085791e-10 -1.92853259e-15  8.52944060e-16  2.17952138e-05
  -2.14957053e-06 -1.59792834e-08  9.98214034e-10]
 [ 0.00000000e+00 -1.45799022e-12 -2.27093352e-13  4.65817581e-11
  -1.75214813e-10 -1.72972899e-15  8.03268858e-16  2.17952138e-05
  -1.92798114e-06 -1.67782476e-08  9.89989054e-10]
 [ 0.00000000e+00 -1.45799022e-12 -2.28754234e-13  4.62010753e-11
  -1.84148369e-10 -1.83669770e-15  8.52102797e-16  2.29197022e-05
  -2.14957053e-06 -1.59227867e-08  9.47318788e-10]
 [ 0.00000000e+00 -1.45799022e-12 -2.28693982e-13  4.62010753e-11
  -1.75214813e-10 -1.65543958e-15  7.67757183e-16  2.17378837e-05
  -1.84517708e-06 -1.59583021e-08  9.98214034e-10]
 [ 0.00000000e+00 -1.45799022e-12 -2.28525906e-13  4.62010753e-11
  -1.75214813e-10 -1.82828079e-15  8.06913301e-16  2.17042035e-05
  -2.03782842e-06 -1.59694447e-08  9.98214034e-10]
 [ 0.00000000e+00 -1.55535566e-12 -2.28980078e-13  4.38910215e-11
  -1.75214813e-10 -1.77414263e-15  8.67256959e-16  2.33273160e-05
  -2.21827729e-06 -1.57111417e-08  9.48303332e-10]]

-----------------------------------------------------------------------------------------------------------------------------------

Generation 2

Initial

[[ 0.00000000e+00 -1.45799022e-12 -2.28525906e-13  4.62010753e-11
  -1.75214813e-10 -1.82828079e-15  8.06913301e-16  2.17042035e-05
  -2.03782842e-06 -1.59694447e-08  9.98214034e-10]
 [ 0.00000000e+00 -1.45799022e-12 -2.28980078e-13  4.62010753e-11
  -1.75214813e-10 -1.83669770e-15  8.52944060e-16  2.29423303e-05
  -2.04721003e-06 -1.59792834e-08  9.98214034e-10]
 [ 0.00000000e+00 -1.43352429e-12 -2.28980078e-13  4.62010753e-11
  -1.66454072e-10 -1.71404196e-15  7.95983958e-16  2.14102281e-05
  -1.96994991e-06 -1.70463893e-08  9.98214034e-10]
 [ 0.00000000e+00 -1.45799022e-12 -2.28679419e-13  4.38910215e-11
  -1.83975554e-10 -1.83899254e-15  9.42608798e-16  2.41467769e-05
  -2.04976789e-06 -1.51613524e-08  9.48303332e-10]
 [ 0.00000000e+00 -1.45799022e-12 -2.40654926e-13  4.62010753e-11
  -1.75041998e-10 -1.83669770e-15  8.51610900e-16  2.41120750e-05
  -2.04721003e-06 -1.59950439e-08  9.99198578e-10]
 [ 0.00000000e+00 -1.45799022e-12 -2.27093352e-13  4.65817581e-11
  -1.75214813e-10 -1.72972899e-15  8.03268858e-16  2.17952138e-05
  -1.92798114e-06 -1.67782476e-08  9.89989054e-10]
 [ 0.00000000e+00 -1.45799022e-12 -2.17531074e-13  4.62010753e-11
  -1.84045563e-10 -1.74556000e-15  8.10620622e-16  2.40990721e-05
  -2.04802802e-06 -1.51675498e-08  9.95299707e-10]
 [ 0.00000000e+00 -1.53088973e-12 -2.42315808e-13  4.35103387e-11
  -1.75214813e-10 -1.85183153e-15  8.59972059e-16  2.17952138e-05
  -2.06407842e-06 -1.76171599e-08  1.00353223e-09]
 [ 0.00000000e+00 -1.45799022e-12 -2.28980078e-13  4.62010753e-11
  -1.75144804e-10 -1.74412894e-15  8.09956052e-16  2.28753492e-05
  -1.94403154e-06 -1.67910170e-08  9.98612883e-10]
 [ 0.00000000e+00 -1.53088973e-12 -2.17531074e-13  4.62010753e-11
  -1.75085791e-10 -1.92853259e-15  8.52944060e-16  2.17952138e-05
  -2.14957053e-06 -1.59792834e-08  9.98214034e-10]
 [ 0.00000000e+00 -1.53088973e-12 -2.28980078e-13  4.85111291e-11
  -1.83634011e-10 -1.92853259e-15  8.52944060e-16  2.29423303e-05
  -2.14957053e-06 -1.51803192e-08  9.48303332e-10]
 [ 0.00000000e+00 -1.45799022e-12 -2.52927417e-13  4.85111291e-11
  -1.75214813e-10 -1.74832368e-15  8.98974819e-16  2.41804571e-05
  -2.05127058e-06 -1.59475892e-08  1.04812474e-09]
 [ 0.00000000e+00 -1.45799022e-12 -2.28754234e-13  4.62010753e-11
  -1.84148369e-10 -1.83669770e-15  8.52102797e-16  2.29197022e-05
  -2.14957053e-06 -1.59227867e-08  9.47318788e-10]
 [ 0.00000000e+00 -1.45799022e-12 -2.28693982e-13  4.62010753e-11
  -1.75214813e-10 -1.65543958e-15  7.67757183e-16  2.17378837e-05
  -1.84517708e-06 -1.59583021e-08  9.98214034e-10]
 [ 0.00000000e+00 -1.55535566e-12 -2.28980078e-13  4.38910215e-11
  -1.75214813e-10 -1.77414263e-15  8.67256959e-16  2.33273160e-05
  -2.21827729e-06 -1.57111417e-08  9.48303332e-10]]

After crossing

[[ 0.00000000e+00 -1.45799022e-12 -2.28525906e-13  4.62010753e-11
  -1.75214813e-10 -1.82828079e-15  8.06913301e-16  2.17042035e-05
  -2.03782842e-06 -1.59694447e-08  9.98214034e-10]
 [ 0.00000000e+00 -1.45799022e-12 -2.26824482e-13  4.70378918e-11
  -1.73729692e-10 -1.71120663e-15  7.79647950e-16  2.13965768e-05
  -1.90733585e-06 -1.70523437e-08  9.97055618e-10]
 [ 0.00000000e+00 -1.43232013e-12 -2.29002432e-13  4.62010753e-11
  -1.66022885e-10 -1.70841933e-15  7.95446036e-16  2.13957592e-05
  -1.96660906e-06 -1.70993945e-08  9.98214034e-10]
 [ 0.00000000e+00 -1.45799022e-12 -2.28794850e-13  4.62384486e-11
  -1.75214813e-10 -1.82619611e-15  8.48067229e-16  2.28297129e-05
  -2.03550481e-06 -1.60577212e-08  9.97406552e-10]
 [ 0.00000000e+00 -1.45799022e-12 -2.29029114e-13  4.65778357e-11
  -1.73785972e-10 -1.83632342e-15  8.38320103e-16  2.27458899e-05
  -2.04679285e-06 -1.61126847e-08  1.00635427e-09]
 [ 0.00000000e+00 -1.45810929e-12 -2.27084170e-13  4.65836108e-11
  -1.75257449e-10 -1.72980533e-15  8.03304311e-16  2.17970874e-05
  -1.92777689e-06 -1.67769426e-08  9.89949026e-10]
 [ 0.00000000e+00 -1.45799022e-12 -2.40193877e-13  4.61121397e-11
  -1.75385934e-10 -1.83678605e-15  8.55114262e-16  2.41134110e-05
  -2.04730851e-06 -1.59629473e-08  9.97239143e-10]
 [ 0.00000000e+00 -1.45472245e-12 -2.28980078e-13  4.62010753e-11
  -1.74044693e-10 -1.82031530e-15  8.45336239e-16  2.27376966e-05
  -2.03689086e-06 -1.61218104e-08  9.98214034e-10]
 [ 0.00000000e+00 -1.45799022e-12 -2.28948290e-13  4.34348879e-11
  -1.85460674e-10 -1.85751490e-15  9.66229705e-16  2.45454138e-05
  -2.07041318e-06 -1.48872563e-08  9.41236769e-10]
 [ 0.00000000e+00 -1.45919439e-12 -2.28503552e-13  4.62010753e-11
  -1.75646001e-10 -1.83390342e-15  8.07451223e-16  2.17186724e-05
  -2.04116928e-06 -1.59164395e-08  9.98214034e-10]
 [ 0.00000000e+00 -1.45799022e-12 -2.27278580e-13  4.65443848e-11
  -1.75214813e-10 -1.74023057e-15  8.08145689e-16  2.19078312e-05
  -1.93968636e-06 -1.66998098e-08  9.90796536e-10]
 [ 0.00000000e+00 -1.45799022e-12 -2.28630383e-13  4.35142611e-11
  -1.85404395e-10 -1.83936682e-15  9.57232755e-16  2.43432172e-05
  -2.05018507e-06 -1.50279511e-08  9.40163098e-10]
 [ 0.00000000e+00 -1.43340523e-12 -2.28989260e-13  4.61992226e-11
  -1.66411436e-10 -1.71396561e-15  7.95948505e-16  2.14083545e-05
  -1.97015416e-06 -1.70476942e-08  9.98254063e-10]
 [ 0.00000000e+00 -1.45799022e-12 -2.29140469e-13  4.39799571e-11
  -1.83631617e-10 -1.83890419e-15  9.39105436e-16  2.41454409e-05
  -2.04966942e-06 -1.51934490e-08  9.50262767e-10]
 [ 0.00000000e+00 -1.43679206e-12 -2.28980078e-13  4.62010753e-11
  -1.67624192e-10 -1.73042435e-15  8.03591779e-16  2.16148618e-05
  -1.98026908e-06 -1.69038623e-08  9.98214034e-10]]

After mutation

[[ 0.00000000e+00 -1.45799022e-12 -2.28525906e-13  4.62010753e-11
  -1.75214813e-10 -1.82828079e-15  8.06913301e-16  2.17042035e-05
  -2.03782842e-06 -1.59694447e-08  9.98214034e-10]
 [ 0.00000000e+00 -1.38509071e-12 -2.26824482e-13  4.70378918e-11
  -1.73729692e-10 -1.62564630e-15  7.79647950e-16  2.03267480e-05
  -2.00270264e-06 -1.61997265e-08  9.97055618e-10]
 [ 0.00000000e+00 -1.50393613e-12 -2.29002432e-13  4.62010753e-11
  -1.66022885e-10 -1.62299836e-15  7.95446036e-16  2.13957592e-05
  -1.96660906e-06 -1.70993945e-08  9.48303332e-10]
 [ 0.00000000e+00 -1.38509071e-12 -2.28794850e-13  4.62384486e-11
  -1.75214813e-10 -1.82619611e-15  8.48067229e-16  2.39711985e-05
  -2.03550481e-06 -1.60577212e-08  9.47536224e-10]
 [ 0.00000000e+00 -1.53088973e-12 -2.17577658e-13  4.65778357e-11
  -1.65096673e-10 -1.83632342e-15  7.96404098e-16  2.38831844e-05
  -2.04679285e-06 -1.61126847e-08  1.00635427e-09]
 [ 0.00000000e+00 -1.45810929e-12 -2.27084170e-13  4.65836108e-11
  -1.75257449e-10 -1.72980533e-15  8.03304311e-16  2.07072330e-05
  -1.92777689e-06 -1.67769426e-08  9.89949026e-10]
 [ 0.00000000e+00 -1.45799022e-12 -2.40193877e-13  4.84177467e-11
  -1.75385934e-10 -1.83678605e-15  8.55114262e-16  2.29077404e-05
  -2.04730851e-06 -1.59629473e-08  1.04710110e-09]
 [ 0.00000000e+00 -1.45472245e-12 -2.28980078e-13  4.62010753e-11
  -1.74044693e-10 -1.72929954e-15  8.03069427e-16  2.27376966e-05
  -2.03689086e-06 -1.61218104e-08  1.04812474e-09]
 [ 0.00000000e+00 -1.53088973e-12 -2.17500875e-13  4.34348879e-11
  -1.85460674e-10 -1.95039064e-15  9.66229705e-16  2.45454138e-05
  -2.07041318e-06 -1.48872563e-08  9.41236769e-10]
 [ 0.00000000e+00 -1.38623467e-12 -2.28503552e-13  4.38910215e-11
  -1.75646001e-10 -1.83390342e-15  8.07451223e-16  2.17186724e-05
  -1.93911082e-06 -1.51206175e-08  9.98214034e-10]
 [ 0.00000000e+00 -1.45799022e-12 -2.27278580e-13  4.42171656e-11
  -1.75214813e-10 -1.74023057e-15  8.08145689e-16  2.30032228e-05
  -1.84270204e-06 -1.58648193e-08  9.90796536e-10]
 [ 0.00000000e+00 -1.45799022e-12 -2.28630383e-13  4.35142611e-11
  -1.94674615e-10 -1.83936682e-15  1.00509439e-15  2.43432172e-05
  -1.94767582e-06 -1.50279511e-08  9.40163098e-10]
 [ 0.00000000e+00 -1.36173496e-12 -2.17539797e-13  4.38892615e-11
  -1.58090864e-10 -1.71396561e-15  7.95948505e-16  2.24787722e-05
  -2.06866187e-06 -1.70476942e-08  9.98254063e-10]
 [ 0.00000000e+00 -1.53088973e-12 -2.17683445e-13  4.61789550e-11
  -1.92813198e-10 -1.93084940e-15  8.92150164e-16  2.53527129e-05
  -2.15215289e-06 -1.59531214e-08  9.50262767e-10]
 [ 0.00000000e+00 -1.43679206e-12 -2.28980078e-13  4.38910215e-11
  -1.59242983e-10 -1.73042435e-15  7.63412190e-16  2.16148618e-05
  -1.98026908e-06 -1.69038623e-08  1.04812474e-09]]

-----------------------------------------------------------------------------------------------------------------------------------

Generation 3

Initial

[[ 0.00000000e+00 -1.45799022e-12 -2.28525906e-13  4.62010753e-11
  -1.75214813e-10 -1.82828079e-15  8.06913301e-16  2.17042035e-05
  -2.03782842e-06 -1.59694447e-08  9.98214034e-10]
 [ 0.00000000e+00 -1.38509071e-12 -2.26824482e-13  4.70378918e-11
  -1.73729692e-10 -1.62564630e-15  7.79647950e-16  2.03267480e-05
  -2.00270264e-06 -1.61997265e-08  9.97055618e-10]
 [ 0.00000000e+00 -1.45810929e-12 -2.27084170e-13  4.65836108e-11
  -1.75257449e-10 -1.72980533e-15  8.03304311e-16  2.07072330e-05
  -1.92777689e-06 -1.67769426e-08  9.89949026e-10]
 [ 0.00000000e+00 -1.53088973e-12 -2.17500875e-13  4.34348879e-11
  -1.85460674e-10 -1.95039064e-15  9.66229705e-16  2.45454138e-05
  -2.07041318e-06 -1.48872563e-08  9.41236769e-10]
 [ 0.00000000e+00 -1.36173496e-12 -2.17539797e-13  4.38892615e-11
  -1.58090864e-10 -1.71396561e-15  7.95948505e-16  2.24787722e-05
  -2.06866187e-06 -1.70476942e-08  9.98254063e-10]
 [ 0.00000000e+00 -1.53088973e-12 -2.17577658e-13  4.65778357e-11
  -1.65096673e-10 -1.83632342e-15  7.96404098e-16  2.38831844e-05
  -2.04679285e-06 -1.61126847e-08  1.00635427e-09]
 [ 0.00000000e+00 -1.45799022e-12 -2.28630383e-13  4.35142611e-11
  -1.94674615e-10 -1.83936682e-15  1.00509439e-15  2.43432172e-05
  -1.94767582e-06 -1.50279511e-08  9.40163098e-10]
 [ 0.00000000e+00 -1.38509071e-12 -2.28794850e-13  4.62384486e-11
  -1.75214813e-10 -1.82619611e-15  8.48067229e-16  2.39711985e-05
  -2.03550481e-06 -1.60577212e-08  9.47536224e-10]
 [ 0.00000000e+00 -1.50393613e-12 -2.29002432e-13  4.62010753e-11
  -1.66022885e-10 -1.62299836e-15  7.95446036e-16  2.13957592e-05
  -1.96660906e-06 -1.70993945e-08  9.48303332e-10]
 [ 0.00000000e+00 -1.45799022e-12 -2.40193877e-13  4.84177467e-11
  -1.75385934e-10 -1.83678605e-15  8.55114262e-16  2.29077404e-05
  -2.04730851e-06 -1.59629473e-08  1.04710110e-09]
 [ 0.00000000e+00 -1.43679206e-12 -2.28980078e-13  4.38910215e-11
  -1.59242983e-10 -1.73042435e-15  7.63412190e-16  2.16148618e-05
  -1.98026908e-06 -1.69038623e-08  1.04812474e-09]
 [ 0.00000000e+00 -1.45472245e-12 -2.28980078e-13  4.62010753e-11
  -1.74044693e-10 -1.72929954e-15  8.03069427e-16  2.27376966e-05
  -2.03689086e-06 -1.61218104e-08  1.04812474e-09]
 [ 0.00000000e+00 -1.53088973e-12 -2.17683445e-13  4.61789550e-11
  -1.92813198e-10 -1.93084940e-15  8.92150164e-16  2.53527129e-05
  -2.15215289e-06 -1.59531214e-08  9.50262767e-10]
 [ 0.00000000e+00 -1.38623467e-12 -2.28503552e-13  4.38910215e-11
  -1.75646001e-10 -1.83390342e-15  8.07451223e-16  2.17186724e-05
  -1.93911082e-06 -1.51206175e-08  9.98214034e-10]
 [ 0.00000000e+00 -1.45799022e-12 -2.27278580e-13  4.42171656e-11
  -1.75214813e-10 -1.74023057e-15  8.08145689e-16  2.30032228e-05
  -1.84270204e-06 -1.58648193e-08  9.90796536e-10]]

After crossing

[[ 0.00000000e+00 -1.45799022e-12 -2.28525906e-13  4.62010753e-11
  -1.75214813e-10 -1.82828079e-15  8.06913301e-16  2.17042035e-05
  -2.03782842e-06 -1.59694447e-08  9.98214034e-10]
 [ 0.00000000e+00 -1.43501856e-12 -2.24797393e-13  4.59380603e-11
  -1.71144435e-10 -1.72601022e-15  8.01541903e-16  2.11316836e-05
  -1.96153212e-06 -1.68418131e-08  9.91938864e-10]
 [ 0.00000000e+00 -1.52356356e-12 -2.18534596e-13  4.65784171e-11
  -1.66119469e-10 -1.82560118e-15  7.97098682e-16  2.35634893e-05
  -2.03481256e-06 -1.61795497e-08  1.00470290e-09]
 [ 0.00000000e+00 -1.46408142e-12 -2.26304096e-13  4.65831369e-11
  -1.74423689e-10 -1.73854586e-15  8.02738102e-16  2.09678414e-05
  -1.93754296e-06 -1.67224357e-08  9.91295187e-10]
 [ 0.00000000e+00 -1.45795783e-12 -2.29051025e-13  4.26792563e-11
  -1.99956980e-10 -1.86917260e-15  1.05999061e-15  2.53323728e-05
  -1.95308924e-06 -1.45521447e-08  9.26619028e-10]
 [ 0.00000000e+00 -1.45801778e-12 -2.28272455e-13  4.42247756e-11
  -1.90179794e-10 -1.81400476e-15  9.58382613e-16  2.35015342e-05
  -1.94306947e-06 -1.54328199e-08  9.51687893e-10]
 [ 0.00000000e+00 -1.37871005e-12 -2.17543597e-13  4.41590663e-11
  -1.58793914e-10 -1.72624451e-15  7.95994225e-16  2.26197083e-05
  -2.06646726e-06 -1.69538638e-08  9.99066937e-10]
 [ 0.00000000e+00 -1.36202023e-12 -2.17572356e-13  4.38961128e-11
  -1.58141613e-10 -1.71430440e-15  7.95981000e-16  2.24764767e-05
  -2.06857049e-06 -1.70444987e-08  9.98253944e-10]
 [ 0.00000000e+00 -1.38482570e-12 -2.19826574e-13  4.45348120e-11
  -1.62203879e-10 -1.71776072e-15  7.97710914e-16  2.20543217e-05
  -2.03490664e-06 -1.69828237e-08  9.96264224e-10]
 [ 0.00000000e+00 -1.46543546e-12 -2.26127233e-13  4.65830295e-11
  -1.74234653e-10 -1.74052757e-15  8.02609727e-16  2.10269282e-05
  -1.93975718e-06 -1.67100776e-08  9.91600397e-10]
 [ 0.00000000e+00 -1.52491760e-12 -2.18357732e-13  4.65783096e-11
  -1.65930434e-10 -1.82758289e-15  7.96970307e-16  2.36225761e-05
  -2.03702679e-06 -1.61671915e-08  1.00500811e-09]
 [ 0.00000000e+00 -1.45814168e-12 -2.26663528e-13  4.74186156e-11
  -1.69975084e-10 -1.69999955e-15  7.48408093e-16  1.97180775e-05
  -1.92236346e-06 -1.72527490e-08  1.00349310e-09]
 [ 0.00000000e+00 -1.45808173e-12 -2.27442098e-13  4.58730962e-11
  -1.79752270e-10 -1.75516739e-15  8.50016090e-16  2.15489161e-05
  -1.93238323e-06 -1.63720738e-08  9.78424231e-10]
 [ 0.00000000e+00 -1.51391465e-12 -2.17573859e-13  4.63080309e-11
  -1.64393623e-10 -1.82404452e-15  7.96358378e-16  2.37422483e-05
  -2.04898746e-06 -1.62065151e-08  1.00554139e-09]
 [ 0.00000000e+00 -1.45770496e-12 -2.28493347e-13  4.61942240e-11
  -1.75164064e-10 -1.82794201e-15  8.06880805e-16  2.17064990e-05
  -2.03791980e-06 -1.59726402e-08  9.98214153e-10]]

After mutation

[[ 0.00000000e+00 -1.45799022e-12 -2.28525906e-13  4.62010753e-11
  -1.75214813e-10 -1.82828079e-15  8.06913301e-16  2.17042035e-05
  -2.03782842e-06 -1.59694447e-08  9.98214034e-10]
 [ 0.00000000e+00 -1.43501856e-12 -2.13557524e-13  4.59380603e-11
  -1.71144435e-10 -1.81231074e-15  8.01541903e-16  2.11316836e-05
  -1.96153212e-06 -1.68418131e-08  9.91938864e-10]
 [ 0.00000000e+00 -1.59974174e-12 -2.18534596e-13  4.65784171e-11
  -1.66119469e-10 -1.82560118e-15  7.97098682e-16  2.35634893e-05
  -2.13655319e-06 -1.61795497e-08  1.00470290e-09]
 [ 0.00000000e+00 -1.46408142e-12 -2.26304096e-13  4.89122937e-11
  -1.83144873e-10 -1.73854586e-15  7.62601197e-16  2.09678414e-05
  -1.93754296e-06 -1.67224357e-08  9.91295187e-10]
 [ 0.00000000e+00 -1.45795783e-12 -2.40503576e-13  4.48132191e-11
  -1.99956980e-10 -1.86917260e-15  1.00699108e-15  2.65989914e-05
  -1.95308924e-06 -1.52797519e-08  8.80288076e-10]
 [ 0.00000000e+00 -1.38511689e-12 -2.28272455e-13  4.20135368e-11
  -1.90179794e-10 -1.81400476e-15  1.00630174e-15  2.46766109e-05
  -1.84591600e-06 -1.54328199e-08  9.51687893e-10]
 [ 0.00000000e+00 -1.37871005e-12 -2.17543597e-13  4.41590663e-11
  -1.66733610e-10 -1.63993228e-15  8.35793936e-16  2.26197083e-05
  -2.06646726e-06 -1.69538638e-08  9.99066937e-10]
 [ 0.00000000e+00 -1.36202023e-12 -2.17572356e-13  4.38961128e-11
  -1.66048694e-10 -1.71430440e-15  7.95981000e-16  2.36003005e-05
  -2.17199902e-06 -1.70444987e-08  9.98253944e-10]
 [ 0.00000000e+00 -1.45406698e-12 -2.19826574e-13  4.45348120e-11
  -1.70314073e-10 -1.80364875e-15  8.37596459e-16  2.20543217e-05
  -2.13665198e-06 -1.69828237e-08  9.96264224e-10]
 [ 0.00000000e+00 -1.53870723e-12 -2.26127233e-13  4.65830295e-11
  -1.82946386e-10 -1.82755395e-15  8.02609727e-16  2.20782746e-05
  -1.84276932e-06 -1.67100776e-08  9.42020377e-10]
 [ 0.00000000e+00 -1.52491760e-12 -2.18357732e-13  4.65783096e-11
  -1.74226955e-10 -1.73620374e-15  7.57121792e-16  2.24414473e-05
  -2.03702679e-06 -1.69755511e-08  1.00500811e-09]
 [ 0.00000000e+00 -1.45814168e-12 -2.26663528e-13  4.50476848e-11
  -1.69975084e-10 -1.69999955e-15  7.10987688e-16  2.07039813e-05
  -1.92236346e-06 -1.72527490e-08  1.05366775e-09]
 [ 0.00000000e+00 -1.45808173e-12 -2.27442098e-13  4.58730962e-11
  -1.79752270e-10 -1.75516739e-15  8.07515286e-16  2.15489161e-05
  -2.02900239e-06 -1.63720738e-08  9.78424231e-10]
 [ 0.00000000e+00 -1.58961038e-12 -2.28452552e-13  4.63080309e-11
  -1.64393623e-10 -1.82404452e-15  7.96358378e-16  2.37422483e-05
  -2.15143683e-06 -1.62065151e-08  1.05581846e-09]
 [ 0.00000000e+00 -1.45770496e-12 -2.28493347e-13  4.61942240e-11
  -1.75164064e-10 -1.82794201e-15  7.66536765e-16  2.17064990e-05
  -2.03791980e-06 -1.59726402e-08  9.98214153e-10]]

-----------------------------------------------------------------------------------------------------------------------------------

Generation 4

Initial

[[ 0.00000000e+00 -1.52491760e-12 -2.18357732e-13  4.65783096e-11
  -1.74226955e-10 -1.73620374e-15  7.57121792e-16  2.24414473e-05
  -2.03702679e-06 -1.69755511e-08  1.00500811e-09]
 [ 0.00000000e+00 -1.45770496e-12 -2.28493347e-13  4.61942240e-11
  -1.75164064e-10 -1.82794201e-15  7.66536765e-16  2.17064990e-05
  -2.03791980e-06 -1.59726402e-08  9.98214153e-10]
 [ 0.00000000e+00 -1.45799022e-12 -2.28525906e-13  4.62010753e-11
  -1.75214813e-10 -1.82828079e-15  8.06913301e-16  2.17042035e-05
  -2.03782842e-06 -1.59694447e-08  9.98214034e-10]
 [ 0.00000000e+00 -1.43501856e-12 -2.13557524e-13  4.59380603e-11
  -1.71144435e-10 -1.81231074e-15  8.01541903e-16  2.11316836e-05
  -1.96153212e-06 -1.68418131e-08  9.91938864e-10]
 [ 0.00000000e+00 -1.37871005e-12 -2.17543597e-13  4.41590663e-11
  -1.66733610e-10 -1.63993228e-15  8.35793936e-16  2.26197083e-05
  -2.06646726e-06 -1.69538638e-08  9.99066937e-10]
 [ 0.00000000e+00 -1.53870723e-12 -2.26127233e-13  4.65830295e-11
  -1.82946386e-10 -1.82755395e-15  8.02609727e-16  2.20782746e-05
  -1.84276932e-06 -1.67100776e-08  9.42020377e-10]
 [ 0.00000000e+00 -1.46408142e-12 -2.26304096e-13  4.89122937e-11
  -1.83144873e-10 -1.73854586e-15  7.62601197e-16  2.09678414e-05
  -1.93754296e-06 -1.67224357e-08  9.91295187e-10]
 [ 0.00000000e+00 -1.45795783e-12 -2.40503576e-13  4.48132191e-11
  -1.99956980e-10 -1.86917260e-15  1.00699108e-15  2.65989914e-05
  -1.95308924e-06 -1.52797519e-08  8.80288076e-10]
 [ 0.00000000e+00 -1.59974174e-12 -2.18534596e-13  4.65784171e-11
  -1.66119469e-10 -1.82560118e-15  7.97098682e-16  2.35634893e-05
  -2.13655319e-06 -1.61795497e-08  1.00470290e-09]
 [ 0.00000000e+00 -1.45808173e-12 -2.27442098e-13  4.58730962e-11
  -1.79752270e-10 -1.75516739e-15  8.07515286e-16  2.15489161e-05
  -2.02900239e-06 -1.63720738e-08  9.78424231e-10]
 [ 0.00000000e+00 -1.58961038e-12 -2.28452552e-13  4.63080309e-11
  -1.64393623e-10 -1.82404452e-15  7.96358378e-16  2.37422483e-05
  -2.15143683e-06 -1.62065151e-08  1.05581846e-09]
 [ 0.00000000e+00 -1.36202023e-12 -2.17572356e-13  4.38961128e-11
  -1.66048694e-10 -1.71430440e-15  7.95981000e-16  2.36003005e-05
  -2.17199902e-06 -1.70444987e-08  9.98253944e-10]
 [ 0.00000000e+00 -1.45406698e-12 -2.19826574e-13  4.45348120e-11
  -1.70314073e-10 -1.80364875e-15  8.37596459e-16  2.20543217e-05
  -2.13665198e-06 -1.69828237e-08  9.96264224e-10]
 [ 0.00000000e+00 -1.45814168e-12 -2.26663528e-13  4.50476848e-11
  -1.69975084e-10 -1.69999955e-15  7.10987688e-16  2.07039813e-05
  -1.92236346e-06 -1.72527490e-08  1.05366775e-09]
 [ 0.00000000e+00 -1.38511689e-12 -2.28272455e-13  4.20135368e-11
  -1.90179794e-10 -1.81400476e-15  1.00630174e-15  2.46766109e-05
  -1.84591600e-06 -1.54328199e-08  9.51687893e-10]]

After crossing

[[ 0.00000000e+00 -1.52491760e-12 -2.18357732e-13  4.65783096e-11
  -1.74226955e-10 -1.73620374e-15  7.57121792e-16  2.24414473e-05
  -2.03702679e-06 -1.69755511e-08  1.00500811e-09]
 [ 0.00000000e+00 -1.45799247e-12 -2.28526163e-13  4.62011293e-11
  -1.75215213e-10 -1.82828346e-15  8.07231673e-16  2.17041854e-05
  -2.03782770e-06 -1.59694195e-08  9.98214033e-10]
 [ 0.00000000e+00 -1.54188948e-12 -2.26119691e-13  4.64837033e-11
  -1.82937922e-10 -1.83134950e-15  8.04315800e-16  2.21256265e-05
  -1.83872792e-06 -1.67095506e-08  9.39919165e-10]
 [ 0.00000000e+00 -1.43467284e-12 -2.13332256e-13  4.59341020e-11
  -1.71083177e-10 -1.81207039e-15  8.01461065e-16  2.11230674e-05
  -1.96038389e-06 -1.68549419e-08  9.91844426e-10]
 [ 0.00000000e+00 -1.45350638e-12 -2.26329159e-13  4.92423681e-11
  -1.83173000e-10 -1.72593274e-15  7.56931686e-16  2.08104846e-05
  -1.95097310e-06 -1.67241870e-08  9.98277800e-10]
 [ 0.00000000e+00 -1.43083236e-12 -2.10829790e-13  4.58901302e-11
  -1.70402677e-10 -1.80940046e-15  8.00563056e-16  2.10273515e-05
  -1.94762841e-06 -1.70007875e-08  9.90795321e-10]
 [ 0.00000000e+00 -1.44255092e-12 -2.28936004e-13  4.61214856e-11
  -1.73708135e-10 -1.82801461e-15  7.59788176e-16  2.16369467e-05
  -2.07442887e-06 -1.58346792e-08  1.00872698e-09]
 [ 0.00000000e+00 -1.54130670e-12 -2.26121072e-13  4.65018933e-11
  -1.82939472e-10 -1.83065440e-15  8.04003359e-16  2.21169547e-05
  -1.83946804e-06 -1.67096471e-08  9.40303970e-10]
 [ 0.00000000e+00 -1.45770271e-12 -2.28493091e-13  4.61941700e-11
  -1.75163664e-10 -1.82793934e-15  7.66218393e-16  2.17065171e-05
  -2.03792052e-06 -1.59726654e-08  9.98214154e-10]
 [ 0.00000000e+00 -1.46089917e-12 -2.26311638e-13  4.90116199e-11
  -1.83153337e-10 -1.73475031e-15  7.60895124e-16  2.09204895e-05
  -1.94158436e-06 -1.67229627e-08  9.93396399e-10]
 [ 0.00000000e+00 -1.45833593e-12 -2.28751173e-13  4.62050336e-11
  -1.75276070e-10 -1.82852114e-15  8.06994138e-16  2.17128197e-05
  -2.03897665e-06 -1.59563160e-08  9.98308472e-10]
 [ 0.00000000e+00 -1.54928227e-12 -2.26102170e-13  4.62529551e-11
  -1.82918258e-10 -1.84016707e-15  8.08279238e-16  2.22356314e-05
  -1.82933918e-06 -1.67083263e-08  9.35037764e-10]
 [ 0.00000000e+00 -1.46217642e-12 -2.31253639e-13  4.62490053e-11
  -1.75956570e-10 -1.83119107e-15  8.07892147e-16  2.18085356e-05
  -2.05173213e-06 -1.58104704e-08  9.99357577e-10]
 [ 0.00000000e+00 -1.55386127e-12 -2.25684576e-13  4.66557678e-11
  -1.84402315e-10 -1.82748135e-15  8.09358316e-16  2.21478270e-05
  -1.80626025e-06 -1.68480386e-08  9.31507554e-10]
 [ 0.00000000e+00 -1.46148195e-12 -2.26310257e-13  4.89934299e-11
  -1.83151787e-10 -1.73544541e-15  7.61207565e-16  2.09291613e-05
  -1.94084424e-06 -1.67228662e-08  9.93011594e-10]]

After mutation

[[ 0.00000000e+00 -1.52491760e-12 -2.18357732e-13  4.65783096e-11
  -1.74226955e-10 -1.73620374e-15  7.57121792e-16  2.24414473e-05
  -2.03702679e-06 -1.69755511e-08  1.00500811e-09]
 [ 0.00000000e+00 -1.53089209e-12 -2.39952471e-13  4.62011293e-11
  -1.83975974e-10 -1.82828346e-15  7.66870089e-16  2.17041854e-05
  -2.13971909e-06 -1.59694195e-08  9.98214033e-10]
 [ 0.00000000e+00 -1.46479500e-12 -2.14813706e-13  4.88078884e-11
  -1.82937922e-10 -1.73978202e-15  8.04315800e-16  2.32319078e-05
  -1.83872792e-06 -1.67095506e-08  8.92923207e-10]
 [ 0.00000000e+00 -1.43467284e-12 -2.13332256e-13  4.82308071e-11
  -1.62529018e-10 -1.81207039e-15  8.41534119e-16  2.11230674e-05
  -1.96038389e-06 -1.60121948e-08  9.91844426e-10]
